t(s),m1_X (m),m1_Y (m),m1_Z(m),m2_X (m),m2_Y (m),m2_Z(m),m3_X (m),m3_Y (m),m3_Z(m)
0,0,0,0,0.1092540061,0.1092540061,-0.4755282581,0.1765038573,0.1765038573,-0.4446265587
0.01,0,0,0,0.1092571455,0.1092571455,-0.4755268156,0.1765067927,0.1765067927,-0.4446242282
0.02,0,0,0,0.109278984,0.109278984,-0.4755167792,0.1765272119,0.1765272119,-0.4446080149
0.03,0,0,0,0.1093375305,0.1093375305,-0.475489862,0.1765819516,0.1765819516,-0.4445645383
0.04,0,0,0,0.1094494342,0.1094494342,-0.475438369,0.1766865732,0.1766865732,-0.4444813941
0.05,0,0,0,0.1096293628,0.1096293628,-0.4753554519,0.1768547755,0.1768547755,-0.4443475855
0.06,0,0,0,0.1098894485,0.1098894485,-0.4752353293,0.1770978733,0.1770978733,-0.4441538996
0.07,0,0,0,0.1102388247,0.1102388247,-0.4750734712,0.1774243593,0.1774243593,-0.443893223
0.08,0,0,0,0.1106832716,0.1106832716,-0.4748667463,0.1778395709,0.1778395709,-0.4435607896
0.09,0,0,0,0.1112249825,0.1112249825,-0.4746135339,0.1783454722,0.1783454722,-0.4431543581
0.1,0,0,0,0.1118624623,0.1118624623,-0.4743137981,0.1789405629,0.1789405629,-0.4426743158
0.11,0,0,0,0.1125905605,0.1125905605,-0.4739691249,0.179619917,0.179619917,-0.4421237054
0.12,0,0,0,0.1134006385,0.1134006385,-0.4735827176,0.1803753487,0.1803753487,-0.4415081734
0.13,0,0,0,0.1142808638,0.1142808638,-0.4731593477,0.1811957004,0.1811957004,-0.4408358383
0.14,0,0,0,0.1152166202,0.1152166202,-0.4727052579,0.1820672389,0.1820672389,-0.4401170765
0.15,0,0,0,0.1161910177,0.1161910177,-0.4722280114,0.1829741436,0.1829741436,-0.4393642288
0.16,0,0,0,0.1171854818,0.1171854818,-0.4717362883,0.1838990674,0.1838990674,-0.4385912288
0.17,0,0,0,0.1181803999,0.1181803999,-0.4712396271,0.1848237471,0.1848237471,-0.4378131622
0.18,0,0,0,0.1191558017,0.1191558017,-0.4707481172,0.1857296389,0.1857296389,-0.437045767
0.19,0,0,0,0.120092046,0.120092046,-0.47027205,0.1865985571,0.1865985571,-0.4363048899
0.2,0,0,0,0.1209704916,0.1209704916,-0.469821541,0.1874132911,0.1874132911,-0.435605919
0.21,0,0,0,0.121774128,0.121774128,-0.4694061392,0.1881581808,0.1881581808,-0.4349632145
0.22,0,0,0,0.122488145,0.122488145,-0.4690344429,0.1888196321,0.1888196321,-0.4343895637
0.23,0,0,0,0.1231004221,0.1231004221,-0.4687137422,0.1893865553,0.1893865553,-0.4338956849
0.24,0,0,0,0.1236019235,0.1236019235,-0.4684497081,0.1898507165,0.1898507165,-0.4334898048
0.25,0,0,0,0.1239869858,0.1239869858,-0.4682461475,0.1902069911,0.1902069911,-0.4331773322
0.26,0,0,0,0.1242534916,0.1242534916,-0.4681048383,0.1904535127,0.1904535127,-0.4329606437
0.27,0,0,0,0.124402922,0.124402922,-0.4680254545,0.1905917165,0.1905917165,-0.4328389946
0.28,0,0,0,0.1244402891,0.1244402891,-0.4680055864,0.1906262738,0.1906262738,-0.4328085575
0.29,0,0,0,0.1243739496,0.1243739496,-0.4680408543,0.190564922,0.190564922,-0.4328625891
0.3,0,0,0,0.124215305,0.124215305,-0.4681251072,0.1904181925,0.1904181925,-0.4329917134
0.31,0,0,0,0.1239783981,0.1239783981,-0.4682506953,0.1901990465,0.1901990465,-0.4331843089
0.32,0,0,0,0.1236794182,0.1236794182,-0.4684087991,0.1899224258,0.1899224258,-0.4334269769
0.33,0,0,0,0.1233361299,0.1233361299,-0.4685897973,0.1896047345,0.1896047345,-0.4337050718
0.34,0,0,0,0.1229672447,0.1229672447,-0.4687836532,0.1892632647,0.1892632647,-0.4340032641
0.35,0,0,0,0.122591756,0.122591756,-0.468980301,0.1889155862,0.1889155862,-0.4343061162
0.36,0,0,0,0.1222282605,0.1222282605,-0.4691700168,0.1885789206,0.1885789206,-0.4345986441
0.37,0,0,0,0.1218942898,0.1218942898,-0.4693437591,0.1882695207,0.1882695207,-0.4348668476
0.38,0,0,0,0.121605677,0.121605677,-0.4694934703,0.1880020803,0.1880020803,-0.4350981908
0.39,0,0,0,0.1213759817,0.1213759817,-0.4696123317,0.1877891946,0.1877891946,-0.4352820198
0.4,0,0,0,0.1212159954,0.1212159954,-0.4696949701,0.1876408951,0.1876408951,-0.4354099091
0.41,0,0,0,0.1211333458,0.1211333458,-0.469737613,0.1875642761,0.1875642761,-0.4354759289
0.42,0,0,0,0.121132217,0.121132217,-0.4697381952,0.1875632296,0.1875632296,-0.4354768304
0.43,0,0,0,0.1212131946,0.1212131946,-0.4696964157,0.1876382987,0.1876382987,-0.4354121469
0.44,0,0,0,0.1213732445,0.1213732445,-0.4696137466,0.1877866575,0.1877866575,-0.4352842089
0.45,0,0,0,0.1216058234,0.1216058234,-0.4694933945,0.1880022159,0.1880022159,-0.4350980735
0.46,0,0,0,0.1219011184,0.1219011184,-0.4693402121,0.1882758477,0.1882758477,-0.4348613691
0.47,0,0,0,0.1222464064,0.1222464064,-0.4691605613,0.1885957292,0.1885957292,-0.4345840561
0.48,0,0,0,0.1226265174,0.1226265174,-0.4689621248,0.1889477771,0.1889477771,-0.434278108
0.49,0,0,0,0.1230243858,0.1230243858,-0.4687536677,0.1893161652,0.1893161652,-0.4339571168
0.5,0,0,0,0.1234216666,0.1234216666,-0.4685447518,0.1896839009,0.1896839009,-0.4336358328
0.51,0,0,0,0.1237993954,0.1237993954,-0.4683454061,0.1900334379,0.1900334379,-0.4333296493
0.52,0,0,0,0.1241386654,0.1241386654,-0.468165765,0.1903473028,0.1903473028,-0.4330540481
0.53,0,0,0,0.1244213001,0.1244213001,-0.4680156837,0.1906087128,0.1906087128,-0.4328240256
0.54,0,0,0,0.1246304956,0.1246304956,-0.4679043483,0.1908021631,0.1908021631,-0.4326535208
0.55,0,0,0,0.1247514125,0.1247514125,-0.467839898,0.1909139654,0.1909139654,-0.4325548701
0.56,0,0,0,0.124771698,0.124771698,-0.4678290786,0.1909327207,0.1909327207,-0.4325383131
0.57,0,0,0,0.1246819202,0.1246819202,-0.467876947,0.1908497126,0.1908497126,-0.4326115745
0.58,0,0,0,0.1244759037,0.1244759037,-0.4679866438,0.1906592096,0.1906592096,-0.4327795416
0.59,0,0,0,0.1241509536,0.1241509536,-0.468159248,0.1903586694,0.1903586694,-0.4330440555
0.6,0,0,0,0.1237079629,0.1237079629,-0.4683937231,0.1899488385,0.1899488385,-0.4334038273
0.61,0,0,0,0.1231513996,0.1231513996,-0.468686959,0.189433745,0.189433745,-0.4338544831
0.62,0,0,0,0.1224891729,0.1224891729,-0.4690339061,0.188820584,0.188820584,-0.4343887362
0.63,0,0,0,0.121732383,0.121732383,-0.4694277941,0.1881194983,0.1881194983,-0.4349966766
0.64,0,0,0,0.1208949608,0.1208949608,-0.4698604228,0.1873432591,0.1873432591,-0.4356661641
0.65,0,0,0,0.1199932086,0.1199932086,-0.4703225061,0.1865068553,0.1865068553,-0.4363833016
0.66,0,0,0,0.1190452557,0.1190452557,-0.4708040507,0.1856270031,0.1856270031,-0.4371329677
0.67,0,0,0,0.1180704469,0.1180704469,-0.4712947476,0.1847215893,0.1847215893,-0.4378993822
0.68,0,0,0,0.1170886828,0.1170886828,-0.4717843583,0.1838090666,0.1838090666,-0.4386666777
0.69,0,0,0,0.1161197363,0.1161197363,-0.4722630768,0.1829078211,0.1829078211,-0.4394194556
0.7,0,0,0,0.115182568,0.115182568,-0.4727218549,0.1820355338,0.1820355338,-0.4401433049
0.71,0,0,0,0.1142946665,0.1142946665,-0.4731526798,0.1812085602,0.1812085602,-0.4408252663
0.72,0,0,0,0.1134714379,0.1134714379,-0.4735487995,0.1804413514,0.1804413514,-0.4414542302
0.73,0,0,0,0.1127256675,0.1127256675,-0.4739048932,0.1797459403,0.1797459403,-0.4420212596
0.74,0,0,0,0.112067075,0.112067075,-0.474217188,0.1791315129,0.1791315129,-0.4425198326
0.75,0,0,0,0.1115019801,0.1115019801,-0.4744835265,0.1786040839,0.1786040839,-0.442946004
0.76,0,0,0,0.1110330924,0.1110330924,-0.4747033861,0.1781662891,0.1781662891,-0.4432984851
0.77,0,0,0,0.1106594331,0.1106594331,-0.4748778577,0.1778173038,0.1778173038,-0.4435786435
0.78,0,0,0,0.1103763919,0.1103763919,-0.4750095833,0.1775528914,0.1775528914,-0.4437904252
0.79,0,0,0,0.1101759169,0.1101759169,-0.475102657,0.177365579,0.177365579,-0.4439402018
0.8,0,0,0,0.1100468304,0.1100468304,-0.4751624882,0.1772449539,0.1772449539,-0.4440365442
0.81,0,0,0,0.109975257,0.109975257,-0.4751956289,0.1771780673,0.1771780673,-0.4440899289
0.82,0,0,0,0.1099451488,0.1099451488,-0.4752095627,0.1771499297,0.1771499297,-0.4441123786
0.83,0,0,0,0.1099388873,0.1099388873,-0.47521246,0.1771440779,0.1771440779,-0.4441170469
0.84,0,0,0,0.1099379385,0.1099379385,-0.475212899,0.1771431912,0.1771431912,-0.4441177542
0.85,0,0,0,0.1099235382,0.1099235382,-0.4752195613,0.1771297331,0.1771297331,-0.4441284896
0.86,0,0,0,0.1098773823,0.1098773823,-0.4752409092,0.1770865962,0.1770865962,-0.4441628923
0.87,0,0,0,0.1097822968,0.1097822968,-0.4752848563,0.1769977258,0.1769977258,-0.4442337337
0.88,0,0,0,0.1096228669,0.1096228669,-0.475358448,0.1768487033,0.1768487033,-0.444352419
0.89,0,0,0,0.1093860003,0.1093860003,-0.4754675655,0.1766272682,0.1766272682,-0.4445285325
0.9,0,0,0,0.10906141,0.10906141,-0.475616671,0.1763237646,0.1763237646,-0.4447694459
0.91,0,0,0,0.1086419981,0.1086419981,-0.4758086091,0.1759314969,0.1759314969,-0.4450800117
0.92,0,0,0,0.1081241297,0.1081241297,-0.4760444781,0.1754469855,0.1754469855,-0.445462356
0.93,0,0,0,0.1075077881,0.1075077881,-0.476323578,0.1748701145,0.1748701145,-0.4459157836
0.94,0,0,0,0.1067966053,0.1067966053,-0.4766434413,0.1742041673,0.1742041673,-0.4464367998
0.95,0,0,0,0.1059977676,0.1059977676,-0.476999944,0.1734557466,0.1734557466,-0.4470192479
0.96,0,0,0,0.1051217974,0.1051217974,-0.4773874898,0.1726345837,0.1726345837,-0.4476545555
0.97,0,0,0,0.1041822195,0.1041822195,-0.4777992573,0.1717532385,0.1717532385,-0.4483320757
0.98,0,0,0,0.1031951192,0.1031951192,-0.4782274927,0.1708266998,0.1708266998,-0.4490395052
0.99,0,0,0,0.1021786089,0.1021786089,-0.4786638317,0.1698718971,0.1698718971,-0.4497633568
1,0,0,0,0.1011522185,0.1011522185,-0.479099632,0.1689071383,0.1689071383,-0.4504894641
1.01,0,0,0,0.1001362319,0.1001362319,-0.4795262976,0.1679514913,0.1679514913,-0.4512034942
1.02,0,0,0,0.09915099,0.09915099,-0.4799355815,0.1670241308,0.1670241308,-0.4518914465
1.03,0,0,0,0.0982161879,0.0982161879,-0.4803198527,0.1661436729,0.1661436729,-0.4525401197
1.04,0,0,0,0.0973501896,0.0973501896,-0.4806723221,0.1653275212,0.1653275212,-0.4531375304
1.05,0,0,0,0.0965693865,0.0965693865,-0.4809872214,0.1645912517,0.1645912517,-0.4536732742
1.06,0,0,0,0.0958876243,0.0958876243,-0.4812599371,0.1639480573,0.1639480573,-0.4541388213
1.07,0,0,0,0.0953157184,0.0953157184,-0.4814871002,0.1634082771,0.1634082771,-0.4545277438
1.08,0,0,0,0.0948610788,0.0948610788,-0.4816666393,0.1629790282,0.1629790282,-0.4548358745
1.09,0,0,0,0.0945274569,0.0945274569,-0.4817977997,0.1626639552,0.1626639552,-0.4550613974
1.1,0,0,0,0.0943148253,0.0943148253,-0.4818811341,0.1624631089,0.1624631089,-0.4552048731
1.11,0,0,0,0.0942193947,0.0942193947,-0.4819184696,0.1623729582,0.1623729582,-0.4552692004
1.12,0,0,0,0.0942337667,0.0942337667,-0.4819128494,0.1623865355,0.1623865355,-0.4552595152
1.13,0,0,0,0.0943472183,0.0943472183,-0.4818684518,0.1624937082,0.1624937082,-0.4551830286
1.14,0,0,0,0.0945461042,0.0945461042,-0.4817904818,0.1626815676,0.1626815676,-0.4550488052
1.15,0,0,0,0.0948143648,0.0948143648,-0.4816850345,0.1629349157,0.1629349157,-0.4548674824
1.16,0,0,0,0.0951341174,0.0951341174,-0.4815589262,0.1632368339,0.1632368339,-0.4546509344
1.17,0,0,0,0.0954863107,0.0954863107,-0.4814194937,0.1635693084,0.1635693084,-0.4544118866
1.18,0,0,0,0.0958514167,0.0958514167,-0.4812743623,0.1639138897,0.1639138897,-0.4541634876
1.19,0,0,0,0.096210136,0.096210136,-0.4811311874,0.164252361,0.164252361,-0.4539188515
1.2,0,0,0,0.0965440901,0.0965440901,-0.4809973777,0.1645673916,0.1645673916,-0.4536905854
1.21,0,0,0,0.096836477,0.096836477,-0.4808798118,0.1648431522,0.1648431522,-0.45349032
1.22,0,0,0,0.0970726677,0.0970726677,-0.4807845613,0.1650658725,0.1650658725,-0.4533282646
1.23,0,0,0,0.0972407226,0.0972407226,-0.4807166356,0.1652243212,0.1652243212,-0.4532128058
1.24,0,0,0,0.097331812,0.097331812,-0.4806797653,0.1653101963,0.1653101963,-0.4531501715
1.25,0,0,0,0.0973405265,0.0973405265,-0.4806762359,0.1653184117,0.1653184117,-0.4531441774
1.26,0,0,0,0.0972650671,0.0972650671,-0.4807067853,0.1652472727,0.1652472727,-0.4531960699
1.27,0,0,0,0.0971073103,0.0971073103,-0.4807705696,0.1650985363,0.1650985363,-0.4533044746
1.28,0,0,0,0.0968727438,0.0968727438,-0.4808652025,0.164877353,0.164877353,-0.4534654529
1.29,0,0,0,0.0965702783,0.0965702783,-0.4809868633,0.1645920928,0.1645920928,-0.4536726639
1.3,0,0,0,0.0962119369,0.0962119369,-0.4811304671,0.1642540601,0.1642540601,-0.4539176219
1.31,0,0,0,0.0958124364,0.0958124364,-0.4812898857,0.1638771048,0.1638771048,-0.4541900363
1.32,0,0,0,0.0953886706,0.0953886706,-0.4814582049,0.1634771429,0.1634771429,-0.4544782146
1.33,0,0,0,0.0949591137,0.0949591137,-0.4816280032,0.1630715992,0.1630715992,-0.4547695099
1.34,0,0,0,0.0945431655,0.0945431655,-0.4817916351,0.162678792,0.162678792,-0.4550507898
1.35,0,0,0,0.0941604576,0.0941604576,-0.4819415073,0.1623172792,0.1623172792,-0.4553089081
1.36,0,0,0,0.093830148,0.093830148,-0.4820703337,0.1620051884,0.1620051884,-0.4555311602
1.37,0,0,0,0.093570228,0.093570228,-0.4821713646,0.1617595563,0.1617595563,-0.4557057076
1.38,0,0,0,0.0933968671,0.0933968671,-0.4822385825,0.1615957014,0.1615957014,-0.4558219593
1.39,0,0,0,0.0933238198,0.0933238198,-0.4822668652,0.161526654,0.161526654,-0.4558709029
1.4,0,0,0,0.0933619175,0.0933619175,-0.4822521174,0.161562666,0.161562666,-0.4558453794
1.41,0,0,0,0.0935186636,0.0935186636,-0.4821913719,0.1617108214,0.1617108214,-0.4557402994
1.42,0,0,0,0.0937979492,0.0937979492,-0.4820828658,0.1619747619,0.1619747619,-0.4555527994
1.43,0,0,0,0.0941998977,0.0941998977,-0.4819260924,0.1623545393,0.1623545393,-0.4552823378
1.44,0,0,0,0.0947208479,0.0947208479,-0.4817218305,0.1628466025,0.1628466025,-0.4549307289
1.45,0,0,0,0.0953534725,0.0953534725,-0.4814721493,0.1634439168,0.1634439168,-0.4545021145
1.46,0,0,0,0.0960870305,0.0960870305,-0.4811803873,0.1641362135,0.1641362135,-0.454002871
1.47,0,0,0,0.0969077423,0.0969077423,-0.4808510985,0.1649103568,0.1649103568,-0.4534414498
1.48,0,0,0,0.097799273,0.097799273,-0.4804899629,0.1657508152,0.1657508152,-0.4528281512
1.49,0,0,0,0.0987433058,0.0987433058,-0.4801036546,0.1666402158,0.1666402158,-0.4521748301
1.5,0,0,0,0.0997201838,0.0997201838,-0.4796996663,0.1675599612,0.1675599612,-0.451494539
1.51,0,0,0,0.1007095956,0.1007095956,-0.4792860886,0.1684908843,0.1684908843,-0.4508011134
1.52,0,0,0,0.1016912793,0.1016912793,-0.4788713475,0.1694139147,0.1694139147,-0.4501087102
1.53,0,0,0,0.10264572,0.10264572,-0.4784639091,0.170310735,0.170310735,-0.4494313152
1.54,0,0,0,0.1035548157,0.1035548157,-0.4780719614,0.1711644009,0.1711644009,-0.4487822364
1.55,0,0,0,0.1044024876,0.1044024876,-0.4777030889,0.1719599063,0.1719599063,-0.4481736061
1.56,0,0,0,0.105175216,0.105175216,-0.4773639574,0.1726846743,0.1726846743,-0.4476159141
1.57,0,0,0,0.1058624833,0.1058624833,-0.4770600269,0.1733289593,0.1733289593,-0.447117595
1.58,0,0,0,0.1064571095,0.1064571095,-0.47679531,0.1738861489,0.1738861489,-0.4466846924
1.59,0,0,0,0.106955472,0.106955472,-0.4765721918,0.1743529577,0.1743529577,-0.446320616
1.6,0,0,0,0.1073576008,0.1073576008,-0.4763913214,0.1747295076,0.1747295076,-0.4460260064
1.61,0,0,0,0.1076671483,0.1076671483,-0.476251583,0.1750192931,0.1750192931,-0.4457987148
1.62,0,0,0,0.107891235,0.107891235,-0.4761501473,0.1752290346,0.1752290346,-0.4456338978
1.63,0,0,0,0.1080401748,0.1080401748,-0.4760825992,0.1753684216,0.1753684216,-0.4455242231
1.64,0,0,0,0.1081270905,0.1081270905,-0.4760431331,0.175449756,0.175449756,-0.4454601736
1.65,0,0,0,0.1081674307,0.1081674307,-0.4760248039,0.175487504,0.175487504,-0.4454304344
1.66,0,0,0,0.1081784039,0.1081784039,-0.4760198166,0.175497772,0.175497772,-0.4454223434
1.67,0,0,0,0.1081783495,0.1081783495,-0.4760198414,0.175497721,0.175497721,-0.4454223836
1.68,0,0,0,0.1081860645,0.1081860645,-0.4760163347,0.1755049402,0.1755049402,-0.4454166948
1.69,0,0,0,0.1082201128,0.1082201128,-0.4760008554,0.1755367993,0.1755367993,-0.4453915852
1.7,0,0,0,0.1082981376,0.1082981376,-0.475965363,0.1756098048,0.1756098048,-0.445334024
1.71,0,0,0,0.1084362052,0.1084362052,-0.4759024888,0.1757389806,0.1757389806,-0.4452320983
1.72,0,0,0,0.1086482014,0.1086482014,-0.4758057762,0.1759372996,0.1759372996,-0.4450754242
1.73,0,0,0,0.1089453058,0.1089453058,-0.4756698862,0.1762151863,0.1762151863,-0.4448555004
1.74,0,0,0,0.1093355624,0.1093355624,-0.4754907671,0.1765801116,0.1765801116,-0.4445660001
1.75,0,0,0,0.1098235634,0.1098235634,-0.4752657887,0.1770362958,0.1770362958,-0.4442029941
1.76,0,0,0,0.110410259,0.110410259,-0.4749938415,0.1775845322,0.1775845322,-0.4437651043
1.77,0,0,0,0.1110929006,0.1110929006,-0.4746753995,0.1782221394,0.1782221394,-0.4432535821
1.78,0,0,0,0.1118651192,0.1118651192,-0.4743125449,0.1789430425,0.1789430425,-0.4426723111
1.79,0,0,0,0.1127171362,0.1127171362,-0.4739089516,0.1797379828,0.1797379828,-0.4420277311
1.8,0,0,0,0.1136360986,0.1136360986,-0.473469824,0.1805948432,0.1805948432,-0.4413286816
1.81,0,0,0,0.114606525,0.114606525,-0.4730017852,0.181499079,0.181499079,-0.4405861648
1.82,0,0,0,0.1156108453,0.1156108453,-0.472512714,0.1824342341,0.1824342341,-0.439813029
1.83,0,0,0,0.1166300122,0.1166300122,-0.4720115258,0.1833825223,0.1833825223,-0.4390235768
1.84,0,0,0,0.1176441635,0.1176441635,-0.4715079019,0.1843254505,0.1843254505,-0.4382331076
1.85,0,0,0,0.1186333078,0.1186333078,-0.4710119707,0.1852444595,0.1852444595,-0.4374574041
1.86,0,0,0,0.1195780102,0.1195780102,-0.4705339509,0.1861215597,0.1861215597,-0.4367121821
1.87,0,0,0,0.1204600531,0.1204600531,-0.4700837704,0.1869399375,0.1869399375,-0.4360125223
1.88,0,0,0,0.1212630497,0.1212630497,-0.4696706778,0.1876845139,0.1876845139,-0.4353723079
1.89,0,0,0,0.1219729891,0.1219729891,-0.4693028658,0.1883424369,0.1883424369,-0.4348036947
1.9,0,0,0,0.1225786969,0.1225786969,-0.4689871279,0.1889034926,0.1889034926,-0.4343166368
1.91,0,0,0,0.1230721949,0.1230721949,-0.4687285672,0.1893604246,0.1893604246,-0.4339184937
1.92,0,0,0,0.1234489522,0.1234489522,-0.4685303751,0.1897091533,0.1897091533,-0.4336137386
1.93,0,0,0,0.1237080177,0.1237080177,-0.4683936941,0.1899488892,0.1899488892,-0.4334037828
1.94,0,0,0,0.1238520325,0.1238520325,-0.4683175718,0.1900821387,0.1900821387,-0.433286927
1.95,0,0,0,0.1238871213,0.1238871213,-0.4682990095,0.1901146024,0.1901146024,-0.4332584401
1.96,0,0,0,0.1238226664,0.1238226664,-0.4683331022,0.1900549689,0.1900549689,-0.4333107633
1.97,0,0,0,0.1236709712,0.1236709712,-0.4684132596,0.1899146097,0.1899146097,-0.4334338266
1.98,0,0,0,0.123446824,0.123446824,-0.4685314966,0.1897071837,0.1897071837,-0.4336154621
1.99,0,0,0,0.1231669744,0.1231669744,-0.4686787736,0.1894481622,0.1894481622,-0.4338418925
2,0,0,0,0.1228495406,0.1228495406,-0.4688453698,0.1891542886,0.1891542886,-0.4340982725
2.01,0,0,0,0.1225133653,0.1225133653,-0.4690212689,0.1888429892,0.1888429892,-0.4343692563
2.02,0,0,0,0.1221773434,0.1221773434,-0.4691965404,0.1885317545,0.1885317545,-0.4346395692
2.03,0,0,0,0.1218597437,0.1218597437,-0.4693617003,0.1882375119,0.1882375119,-0.4348945599
2.04,0,0,0,0.1215775496,0.1215775496,-0.4695080392,0.1879760133,0.1879760133,-0.4351207153
2.05,0,0,0,0.1213458428,0.1213458428,-0.4696279089,0.1877612586,0.1877612586,-0.4353061216
2.06,0,0,0,0.1211772533,0.1211772533,-0.4697149631,0.1876049804,0.1876049804,-0.4354408601
2.07,0,0,0,0.1210814958,0.1210814958,-0.4697643481,0.187516207,0.187516207,-0.4355173294
2.08,0,0,0,0.1210650129,0.1210650129,-0.4697728444,0.1875009256,0.1875009256,-0.4355304878
2.09,0,0,0,0.1211307356,0.1211307356,-0.4697389592,0.1875618563,0.1875618563,-0.4354780134
2.1,0,0,0,0.1212779743,0.1212779743,-0.4696629705,0.1876983486,0.1876983486,-0.4353603793
2.11,0,0,0,0.1215024419,0.1215024419,-0.4695469233,0.1879064046,0.1879064046,-0.4351808431
2.12,0,0,0,0.1217964092,0.1217964092,-0.4693945775,0.188178827,0.188178827,-0.4349453507
2.13,0,0,0,0.1221489868,0.1221489868,-0.4692113064,0.1885054861,0.1885054861,-0.4346623556
2.14,0,0,0,0.122546521,0.122546521,-0.4690039449,0.188873695,0.188873695,-0.4343425545
2.15,0,0,0,0.1229730899,0.1229730899,-0.4687805865,0.1892686762,0.1892686762,-0.4339985442
2.16,0,0,0,0.1234110787,0.1234110787,-0.4685503295,0.1896741018,0.1896741018,-0.4336444053
2.17,0,0,0,0.1238418139,0.1238418139,-0.4683229764,0.1900726844,0.1900726844,-0.4332952219
2.18,0,0,0,0.1242462311,0.1242462311,-0.4681086926,0.1904467973,0.1904467973,-0.4329665516
2.19,0,0,0,0.1246055538,0.1246055538,-0.4679176337,0.1907791002,0.1907791002,-0.4326738609
2.2,0,0,0,0.1249019575,0.1249019575,-0.4677595558,0.1910531482,0.1910531482,-0.4324319474
2.21,0,0,0,0.1251191971,0.1251191971,-0.4676434251,0.1912539645,0.1912539645,-0.432254372
2.22,0,0,0,0.1252431769,0.1252431769,-0.4675770453,0.1913685568,0.1913685568,-0.4321529254
2.23,0,0,0,0.125262444,0.125262444,-0.4675667228,0.1913863641,0.1913863641,-0.4321371533
2.24,0,0,0,0.1251685904,0.1251685904,-0.4676169885,0.1912996191,0.1912996191,-0.4322139649
2.25,0,0,0,0.1249565506,0.1249565506,-0.4677303934,0.1911036172,0.1911036172,-0.4323873437
2.26,0,0,0,0.1246247875,0.1246247875,-0.467907389,0.190796885,0.190796885,-0.4326581761
2.27,0,0,0,0.124175358,0.124175358,-0.4681463029,0.1903812431,0.1903812431,-0.4330242078
2.28,0,0,0,0.12361386,0.12361386,-0.4684434088,0.1898617622,0.1898617622,-0.4334801293
2.29,0,0,0,0.1229492581,0.1229492581,-0.4687930885,0.1892466125,0.1892466125,-0.4340177869
2.3,0,0,0,0.1221935958,0.1221935958,-0.4691880756,0.1885468098,0.1885468098,-0.4346265075
2.31,0,0,0,0.1213616013,0.1213616013,-0.4696197648,0.1877758654,0.1877758654,-0.4352935202
2.32,0,0,0,0.1204701982,0.1204701982,-0.4700785708,0.1869493472,0.1869493472,-0.4360044531
2.33,0,0,0,0.1195379373,0.1195379373,-0.4705543147,0.1860843667,0.1860843667,-0.4367438803
2.34,0,0,0,0.1185843676,0.1185843676,-0.471036618,0.185199005,0.185199005,-0.4374958938
2.35,0,0,0,0.117629367,0.117629367,-0.471515285,0.1843116981,0.1843116981,-0.4382446758
2.36,0,0,0,0.1166924567,0.1166924567,-0.4719806576,0.1834406014,0.1834406014,-0.4389750466
2.37,0,0,0,0.115792123,0.115792123,-0.4724239288,0.1826029557,0.1826029557,-0.4396729706
2.38,0,0,0,0.1149451728,0.1149451728,-0.4728374081,0.1818144803,0.1818144803,-0.4403260036
2.39,0,0,0,0.1141661451,0.1141661451,-0.473214732,0.1810888143,0.1810888143,-0.4409236699
2.4,0,0,0,0.1134668031,0.1134668031,-0.4735510207,0.1804370307,0.1804370307,-0.4414577623
2.41,0,0,0,0.1128557247,0.1128557247,-0.4738429811,0.1798672418,0.1798672418,-0.4419225618
2.42,0,0,0,0.1123380095,0.1123380095,-0.4740889613,0.1793843134,0.1793843134,-0.442314974
2.43,0,0,0,0.1119151116,0.1119151116,-0.4742889579,0.1789896993,0.1789896993,-0.4426345841
2.44,0,0,0,0.1115848072,0.1115848072,-0.4744445822,0.1786814035,0.1786814035,-0.4428836327
2.45,0,0,0,0.111341296,0.111341296,-0.4745589864,0.1784540715,0.1784540715,-0.4430669123
2.46,0,0,0,0.1111754344,0.1111754344,-0.4746367512,0.1782992074,0.1782992074,-0.4431915898
2.47,0,0,0,0.1110750894,0.1110750894,-0.4746837358,0.1782055071,0.1782055071,-0.4432669562
2.48,0,0,0,0.1110256017,0.1110256017,-0.4747068901,0.1781592939,0.1781592939,-0.4433041078
2.49,0,0,0,0.1110103373,0.1110103373,-0.4747140297,0.1781450392,0.1781450392,-0.4433155648
2.5,0,0,0,0.1110113091,0.1110113091,-0.4747135752,0.1781459468,0.1781459468,-0.4433148354
2.51,0,0,0,0.1110098444,0.1110098444,-0.4747142602,0.1781445789,0.1781445789,-0.4433159347
2.52,0,0,0,0.1109872732,0.1109872732,-0.4747248154,0.1781235004,0.1781235004,-0.443332874
2.53,0,0,0,0.1109256132,0.1109256132,-0.4747536379,0.1780659166,0.1780659166,-0.4433791365
2.54,0,0,0,0.1108082284,0.1108082284,-0.4748084593,0.1779562847,0.1779562847,-0.4434671594
2.55,0,0,0,0.1106204366,0.1106204366,-0.4748960287,0.177780877,0.177780877,-0.4436078443
2.56,0,0,0,0.1103500474,0.1103500474,-0.4750218248,0.1775282781,0.1775282781,-0.4438101181
2.57,0,0,0,0.1099878132,0.1099878132,-0.4751898167,0.1771898016,0.1771898016,-0.4440805653
2.58,0,0,0,0.1095277764,0.1095277764,-0.4754022848,0.1767598123,0.1767598123,-0.4444231514
2.59,0,0,0,0.1089675051,0.1089675051,-0.4756597162,0.1762359473,0.1762359473,-0.4448390515
2.6,0,0,0,0.1083082066,0.1083082066,-0.4759607807,0.1756192257,0.1756192257,-0.4453265938
2.61,0,0,0,0.1075547169,0.1075547169,-0.476302389,0.1749140468,0.1749140468,-0.4458813211
2.62,0,0,0,0.1067153654,0.1067153654,-0.4766798313,0.1741280736,0.1741280736,-0.4464961679
2.63,0,0,0,0.1058017177,0.1058017177,-0.4770869869,0.1732720064,0.1732720064,-0.4471617421
2.64,0,0,0,0.1048282055,0.1048282055,-0.477516591,0.1723592494,0.1723592494,-0.447866697
2.65,0,0,0,0.1038116538,0.1038116538,-0.4779605434,0.1714054821,0.1714054821,-0.4485981737
2.66,0,0,0,0.1027707209,0.1027707209,-0.4784102401,0.1704281459,0.1704281459,-0.4493422907
2.67,0,0,0,0.1017252693,0.1017252693,-0.4788569089,0.1694458628,0.1694458628,-0.4500846578
2.68,0,0,0,0.1006956893,0.1006956893,-0.4792919322,0.1684778044,0.1684778044,-0.4508108903
2.69,0,0,0,0.0997021982,0.0997021982,-0.4797071433,0.167543033,0.167543033,-0.4515071032
2.7,0,0,0,0.0987641406,0.0987641406,-0.4800950834,0.1666598384,0.1666598384,-0.452160366
2.71,0,0,0,0.0978993157,0.0978993157,-0.4804492148,0.1658450952,0.1658450952,-0.4527591068
2.72,0,0,0,0.0971233559,0.0971233559,-0.4807640871,0.1651136652,0.1651136652,-0.4532934537
2.73,0,0,0,0.0964491809,0.0964491809,-0.4810354571,0.1644778677,0.1644778677,-0.4537555092
2.74,0,0,0,0.0958865477,0.0958865477,-0.4812603661,0.1639470413,0.1639470413,-0.4541395548
2.75,0,0,0,0.095441714,0.095441714,-0.4814371802,0.1635272129,0.1635272129,-0.4544421869
2.76,0,0,0,0.0951172286,0.0951172286,-0.4815655985,0.1632208886,0.1632208886,-0.4546623836
2.77,0,0,0,0.0949118556,0.0949118556,-0.4816466333,0.1630269757,0.1630269757,-0.4548015066
2.78,0,0,0,0.0948206367,0.0948206367,-0.4816825653,0.1629408384,0.1629408384,-0.4548632392
2.79,0,0,0,0.0948350879,0.0948350879,-0.4816768753,0.1629544849,0.1629544849,-0.4548534618
2.8,0,0,0,0.0949435241,0.0949435241,-0.48163415,0.1630568788,0.1630568788,-0.4547800662
2.81,0,0,0,0.0951314978,0.0951314978,-0.4815599612,0.1632343606,0.1632343606,-0.4546527104
2.82,0,0,0,0.0953823365,0.0953823365,-0.4814607147,0.1634711637,0.1634711637,-0.4544825159
2.83,0,0,0,0.0956777569,0.0956777569,-0.4813434675,0.1637500029,0.1637500029,-0.4542817112
2.84,0,0,0,0.0959985339,0.0959985339,-0.4812157136,0.1640527127,0.1640527127,-0.4540632278
2.85,0,0,0,0.0963251994,0.0963251994,-0.48108514,0.1643609123,0.1643609123,-0.4538402593
2.86,0,0,0,0.0966387454,0.0966387454,-0.4809593598,0.1646566704,0.1646566704,-0.4536257949
2.87,0,0,0,0.0969213067,0.0969213067,-0.4808456307,0.164923148,0.164923148,-0.4534321454
2.88,0,0,0,0.0971567988,0.0971567988,-0.4807505724,0.1651451968,0.1651451968,-0.4532704799
2.89,0,0,0,0.0973314898,0.0973314898,-0.4806798958,0.1653098925,0.1653098925,-0.4531503932
2.9,0,0,0,0.0974344868,0.0974344868,-0.4806381607,0.1654069874,0.1654069874,-0.4530795262
2.91,0,0,0,0.0974581218,0.0974581218,-0.480628577,0.165429267,0.165429267,-0.4530632574
2.92,0,0,0,0.0973982226,0.0973982226,-0.4806528607,0.1653728021,0.1653728021,-0.4531044832
2.93,0,0,0,0.0972542631,0.0972542631,-0.4807111572,0.1652370869,0.1652370869,-0.4532034976
2.94,0,0,0,0.0970293851,0.0970293851,-0.480802035,0.165025061,0.165025061,-0.4533579805
2.95,0,0,0,0.0967302939,0.0967302939,-0.4809225515,0.1647430133,0.1647430133,-0.4535630928
2.96,0,0,0,0.096367028,0.096367028,-0.4810683858,0.1644003715,0.1644003715,-0.4538116742
2.97,0,0,0,0.0959526125,0.0959526125,-0.4812340307,0.1640093818,0.1640093818,-0.4540945335
2.98,0,0,0,0.0955026061,0.0955026061,-0.4814130289,0.1635846896,0.1635846896,-0.4544008128
2.99,0,0,0,0.0950345558,0.0950345558,-0.4815982417,0.1631428323,0.1631428323,-0.4547184102
